1810001095
1652741173
2708583605
1698338365
1810001095
1802431843
2216861133
5779043278
5779042071
1608514877
5584462527
1698338365
5778642607
5779255215
5779255287
1810001095
1802431843
2216861133
5779043278
5778642151
2826732292
5779042071
5779254888
5779047597
1608514877
1155497053
6003418300
2180056882
1810001095
5534269681
5533386515
5529890661
5530830983
5541824826
1155497053
5533386515
5529890661
1155497053
2180056882
5530830983
5523786761
5542612917
5534269681
1736885177
5523786761
5542612917
2000110627
5533048342
5542612917
1608514877
1608514877
5779043278
5778642151
5779254888
5778642607
5533386515
5529890661
5779254888
5779042071
5534269681
5530830983
5779043278
5779254888
5778642607
5530830983
5529890661
1810001095
1810001095
5779043278
5778642151
5779255215
5779254888
5779042071
5778642607
1608514877
5779043278
5778642151
5779255215
6039627686
6040325529
6039964811
6039270130
5779038478
5778638448
5779038689
2785769680
